;
;      Tuner locale file for BeOS USBVision driver
;
;               "FM Radio channels"
;
;===========================================================
; This file is a part of BeOS USBVision driver project.
; Copyright (c) 2003 by Siarzuk Zharski <imker@gmx.li>
;
; This file may be used under the terms of the BSD License
;  Look into the file "License" for details.
; 
;  $Source: /cvsroot/sis4be/usbvision/Locales/FM\040Radio,v $
;  $Author: zharik $
;  $Revision: 1.2 $
;  $Date: 2003/07/09 04:58:08 $
;===========================================================
;
; Format of this file:
;
; The file begins with the name of locale preceded with "@"-sign. This name will be 
; visible for user in Tuner Locale settings.
; Channels are presented as frequency <-> name pairs.
; The Frequency is in Hz and name begins just after the first space character 
; after frequency number. The name ends at the end of line.
; 
; All lines beginning with ";"-sign are comments and will be ignored.
;
; The word "Radio" in angle brakets means that channels are radio channels.
;
@FM Radio
;<Radio>
 87500000 87,5 
 87600000 87,6 
 87700000 87,7 
 87800000 87,8 
 87900000 87,9 
 88000000 88,0 
 88100000 88,1 
 88200000 88,2 
 88300000 88,3 
 88400000 88,4 
 88500000 88,5 
 88600000 88,6 
 88700000 88,7 
 88800000 88,8 
 88900000 88,9 
 89000000 89,0 
 89100000 89,1 
 89200000 89,2 
 89300000 89,3 
 89400000 89,4 
 89500000 89,5 
 89600000 89,6 
 89700000 89,7 
 89800000 89,8 
 89900000 89,9 
 90000000 90,0 
 90100000 90,1 
 90200000 90,2 
 90300000 90,3 
 90400000 90,4 
 90500000 90,5 
 90600000 90,6 
 90700000 90,7 
 90800000 90,8 
 90900000 90,9 
 91000000 91,0 
 91100000 91,1 
 91200000 91,2 
 91300000 91,3 
 91400000 91,4 
 91500000 91,5 
 91600000 91,6 
 91700000 91,7 
 91800000 91,8 
 91900000 91,9 
 92000000 92,0 
 92100000 92,1 
 92200000 92,2 
 92300000 92,3 
 92400000 92,4 
 92500000 92,5 
 92600000 92,6 
 92700000 92,7 
 92800000 92,8 
 92900000 92,9 
 93000000 93,0 
 93100000 93,1 
 93200000 93,2 
 93300000 93,3 
 93400000 93,4 
 93500000 93,5 
 93600000 93,6 
 93700000 93,7 
 93800000 93,8 
 93900000 93,9 
 94000000 94,0 
 94100000 94,1 
 94200000 94,2 
 94300000 94,3 
 94400000 94,4 
 94500000 94,5 
 94600000 94,6 
 94700000 94,7 
 94800000 94,8 
 94900000 94,9 
 95000000 95,0 
 95100000 95,1 
 95200000 95,2 
 95300000 95,3 
 95400000 95,4 
 95500000 95,5 
 95600000 95,6 
 95700000 95,7 
 95800000 95,8 
 95900000 95,9 
 96000000 96,0 
 97100000 97,1 
 97200000 97,2 
 97300000 97,3 
 97400000 97,4 
 97500000 97,5 
 97600000 97,6 
 97700000 97,7 
 97800000 97,8 
 97900000 97,9 
 98000000 98,0 
 98100000 98,1 
 98200000 98,2 
 98300000 98,3 
 98400000 98,4 
 98500000 98,5 
 98600000 98,6 
 98700000 98,7 
 98800000 98,8 
 98900000 98,9 
 99000000 99,0 
 99100000 99,1 
 99200000 99,2 
 99300000 99,3 
 99400000 99,4 
 99500000 99,5 
 99600000 99,6 
 99700000 99,7 
 99800000 99,8 
 99900000 99,9 
100000000 100,0
100100000 100,1
100200000 100,2
100300000 100,3
100400000 100,4
100500000 100,5
100600000 100,6
100700000 100,7
100800000 100,8
100900000 100,9
101000000 101,0
101100000 101,1
101200000 101,2
101300000 101,3
101400000 101,4
101500000 101,5
101600000 101,6
101700000 101,7
101800000 101,8
101900000 101,9
102000000 102,0
102100000 102,1
102200000 102,2
102300000 102,3
102400000 102,4
102500000 102,5
102600000 102,6
102700000 102,7
102800000 102,8
102900000 102,9
103000000 103,0
103100000 103,1
103200000 103,2
103300000 103,3
103400000 103,4
103500000 103,5
103600000 103,6
103700000 103,7
103800000 103,8
103900000 103,9
104000000 104,0
104100000 104,1
104200000 104,2
104300000 104,3
104400000 104,4
104500000 104,5
104600000 104,6
104700000 104,7
104800000 104,8
104900000 104,9
105000000 105,0
105100000 105,1
105200000 105,2
105300000 105,3
105400000 105,4
105500000 105,5
105600000 105,6
105700000 105,7
105800000 105,8
105900000 105,9
106000000 106,0
106100000 106,1
106200000 106,2
106300000 106,3
106400000 106,4
106500000 106,5
106600000 106,6
106700000 106,7
106800000 106,8
106900000 106,9
107000000 107,0
107100000 107,1
107200000 107,2
107300000 107,3
107400000 107,4
107500000 107,5
107600000 107,6
107700000 107,7
107800000 107,8
107900000 107,9
108000000 108,0
